# Central Asia + Afghanistan + Western Siberia
central_asia = {
	name = "Central Asia"
	adjective = "Central Asian"
	provinces = {
		# Syktyvkar
		6 99 108 186 1295 1307 3000 3155 4298 6121 6202 7318 7330 7712 7898 9145 9225 10579 11179 11200 11203 12558
		# Nizhny Novogrod
		12 256 270 297 368 3224 3245 3261 3285 3303 3349 3352 3383 6149 6231 6295 6299 6327 6370 6374 6392 6410 9291 9298 9325 9358 9360 9368 9389 9407 11275 11277 11324 11340 11344 11375 11394
		# Vologda
		23 60 75 81 84 106 129 135 143 160 163 166 174 196 2996 3056 3057 3079 3087 3091 3099 3124 3135 3154 3157 3160 3164 3175 6017 6073 6077 6091 6097 6112 6113 6119 6158 6180 6182 6189 6190 9043 9102 9110 9113 9131 9133 9136 9168 9199 9200 9202 9207 9210 9222 11027 11035 11036 11062 11075 11086
		11095 11103 11107 11143 11168 11177 11180 11189 11213
		# Kirov
		31 45 73 88 112 119 146 175 272 359 3004 3017 3041 3066 3102 3103 3112 3139 3146 3167 3177 3186 3264 3363 6089 6110 6124 6133 6162 6171 6191 6213 6274 6288 6383 9050 9065 9114 9146 9155 9172 9180 9192 9214 9232 9370 10200 11025 11051 11087 11110 11124 11133 11149 11158 11170 11192 11193 11354
		# Arkhangelsk
		3 18 26 72 87 89 127 138 140 180 183 312 3031 3064 3065 3075 3080 3081 3086 3092 3130 3166 3168 3338 6034 6051 6075 6088 6100 6102 6105 6109 6166 6193 6199 9041 9101 9124 9130 9187 9213 9248 11038 11042 11061 11071 11074 11089 11137 11171 11178
		# Torzhok
		105 154 198 3147 6016 6040 6177 6192 6538 9099 9121 9205 9230 10207 10723 11047 11119 11182 12530
		# Perm
		123 189 206 390 1336 1365 1380 1754 3127 4314 4326 4372 4802 6025 7346 7375 9283 10286 10314 11111 11195 11228 11352 12175 12187 12216 12527 12587 12626
		# Penza
		208 257 324 376 380 3221 3266 3317 3360 3371 6248 6291 6329 6343 6353 6382 6391 6409 9258 9276 9286 9324 9344 9380 9409 11240 11262 11269 11309 11335 11364 11393
		# Sov 6
		227 1210 1254 1350 1378 3265 3330 3357 3385 3486 3563 4322 4324 6379 6424 6515 7343 9420 9445 10299 11433 12128 12242 12270 12298
		# Kazan
		228 260 292 355 372 403 404 3214 3251 3328 3348 3365 6308 6323 6338 6352 6368 9336 9354 9385 9401 9514 10301 11243 11292 11339 11389 11496
		# Ts 15
		237 278 361 3280 4758 7320 10136 10142 10329 11223 11307 12117
		# Sov state 5
		273 291 1258 1278 1305 3289 4283 4354 6246 6285 7237 7416 7431 7444 9349 10226 12130 12172
		# Cheboksary
		282 325 3282 3315 3361 6253 6307 6312 6357 6372 6403 9244 9259 9270 9280 9305 9307 9373 9381 9390 9402 11255 11263 11286 11356 11387
		# ulyanovsky
		286 345 392 3196 3197 3246 3269 3276 3334 3372 3382 6226 6294 6302 6337 6394 9338 11273 11319 11373
		# Samara
		298 338 339 365 393 497 3216 6275 6404 9243 9271 9299 9365 9391 11225 11256 11281 11348 11377
		# Izhevsk
		305 370 381 3027 3270 3294 3300 3394 4356 4400 6217 6224 6278 6297 6388 7359 7403 9293 11320 11365 12203 12244
		# Sov state 7
		307 1543 1704 1750 1771 1808 1821 1841 4813 7228 7778 9553 10133 10189 10648 10716 10720 12102 12567 12696
		# Saratov
		326 353 433 483 578 3304 3316 3343 3426 3465 3477 3578 6328 6366 6450 6492 6539 9326 9352 9460 9564 11308 11408 11449 11551
		# Engels
		410 452 499 3490 3551 6339 6430 6473 6502 6574 6601 9337 9432 9447 9473 9577 11321 11421 11458 11460 11523
		# Uralsk
		432 468 470 508 545 566 576 1290 1318 3404 3406 3467 3502 3515 3538 4351 6491 6525 6551 6564 6588 7438 9462 9487 9513 9526 9528 9538 9549 11457 11472 11473 11480 11482 11510 11524 11537 11538 11552
		# Krasnyy Yar
		464 477 554 615 3459 3618 3622 6498 6514 6523 6615 7322 9453 9469 11442 11455 11469 11578 11591
		# Western Kazakstan
		475 642 1517 3593 4523 4620 7641 10262 11701 12163 12383 13008
		# Stalingrad Area
		498 520 3503 3517 3529 3555 6479 6503 6527 6541 6575 9442 9459 9474 9504 9530 11395 11447 11474 11484
		# Astrakhan
		618 757 3435 3461 3487 3726 6486 6516 6620 6758 6760 9440 9455 9592 9735 9753 11429 11579 11706 11736
		# Turkmenistan
		756 1493 1593 1632 1649 4482 4549 4563 4599 4958 5003 7477 7491 7560 7563 7618 7635 7924 8099 9605 10357 10359 10406 10414 10485 10510 10742 12333 12359 12491
		# Elista
		481 742 745 759 3413 3439 3475 3597 3746 3774 6463 6791 6794 9426 9594 9720 9739 11566 11724
		# Stalinabad
		1216 1384 1919 4542 7224 8027 10187 10417 12218 12250 12430 12805
		# Akhtubinsk
		1220 1247 1314 1371 1429 4227 4254 4294 4300 4303 4374 4376 4394 4581 4638 7243 7313 7337 7341 7354 7370 7410 7486 10131 10164 10253 10264 12108 12179 12227 12235 12254 12294
		# Northern Kazakhstan
		1223 1229 1309 1375 1391 1418 1662 1680 1694 4232 4238 4281 4309 4333 4850 7298 7326 7383 7407 7425 7741 7874 10211 10239 10308 10633 12152 12619
		# TS 14
		1233 1292 1294 1327 1775 4242 7285 9292 10170 10213 10542 12106 12157 12287 12584
		# Eastern Kazakhstan
		1239 1668 4651 4764 7332 7405 7711 7784 7795 7856 10290 10550 10619 10680 12529 12662 13148 13149 13197
		# Saykhin
		1243 1312 1382 1402 4250 4277 4389 4492 4578 4595 4636 4686 7335 7392 7556 7597 7600 7657 7777 10148 10179 10220 10268 10275 10277 10353 10366 10452 10506 10508 10601 12111 12121 12177 12194 12329 12340 12385 12397 12487
		# Kazakhstan
		1272 1276 1303 1331 1360 1363 4337 4340 4369 7233 7357 7429 10140 10168 10284 10295 10312 12115 12139 12143 12170 12185 12198 12229 12257 12266 12285
		# Some Mountains
		1287 1749 1818 1864 1879 4661 4670 4674 4685 4867 7317 7350 7708 7890 10161 10202 10218 10235 10292 10584 10610 10630 10653 12427 12564 12594 12616 12635 13151
		# USSR
		1297 1779 1794 1797 4803 7680 10537 10546 11410 12515 12528 12613
		# Sourthern Urals
		1334 1406 4215 4261 4265 4311 4383 4411 7281 7300 7328 7373 7401 10185 10196 10224 10256 12200
		# Kharabali
		1387 1880 3472 4209 4659 4754 4780 4824 6787 7681 7774 7833 7846 9512 10600 10659 10670 12390 12521
		# Atyrau
		1459 1573 4629 7639 7682 7775 10205 10488 10671 11687 12239 12722
		# Uzbekistan
		1479 1532 1554 1576 1614 1623 1721 4488 4499 4618 7501 7507 7541 10348 10395 10420 10435 10470 12161 12233 12324 12454 12465 12471 12474 13207
		# Pamir
		1483 1675 1825 2058 4224 4316 4391 4467 4768 4923 5062 10408 10530 10660 12370 12511 12581 12583 13147
		# Kyrgyzstan
		1591 1840 4773 4845 7706 10146 10547 10603 12640 12658
		# Siberia
		1659 1744 1812 4710 4715 4746 4774 4846 7733 7768 7796 7867 7895 10592 10604 10620 12602 12630 12700
		# Siberia 6
		1664 1684 3169 4669 7689 7738 8461 9142
		# Siberia 5
		1674 1718 1765 1824 4681 4767 4827 7655 7789 7793 7849 7861 10529 10613 10617 10673 10686 12174 12510 12536 12599
		# Kunlun
		1698 1943 2074 4947 5736 10315
		# Xinjiang
		1703 4682 4709 4770 7702 7792 7850 10545 10614 12526 12601 12656
		# China 15
		1708 1783 1844 4714 4788 4823 4849 7693 7737 7866 10674 10691 12590 12737
		# TS 13
		1709 1800 1835 4700 7800 10568 10626 10696 12546 12580 12652
		# Siberia 4
		1726 1768 1784 1856 4730 4771 4817 7685 7781 7837 7882 10533 10561 10663 10692 12514 12542 12574 12639 12672
		# TS 12
		1733 1790 1860 4366 4734 4806 4840 4866 7274 7687 7722 7825 10555 10652 12606 12679
		# Northern Siberia
		96 1729 1757 2900 2923 2972 3336 3415 4692 4733 4761 4812 4859 6085 7809 9224 10536 10564 10607 10635 11122 11261 11328 12517 12545 12643 12687 13060 13064 13065
		# China 16
		1766 1970 2015 4828 5016 5087 7790 7949 8112 12119
		# Dabancheng
		1838 4704 4843 7732 10839 12524 12598 12671
		# South Khorasan
		1948 1995 2017 2062 2078 2101 4893 4949 5020 5064 8053 8090 10789 12788 12871
		# sov state 8
		4781 4800 10531 10713 12509
		# Northern Urals
		4874 7824 10216 10551 10677 11098 12393 12502 12659 13076
		# Sinkiang
		4973 8042 8086 10885 10911 12864
		# Afghanistan
		5082 7448 7519 7584 7916 7984 10476 10737 10781 10826 10852 10896 12248 12314 12653 12769 12831 12877
		# Mikhaylovka
		487 518 544 579 3431 3518 3539 3582 6454 6506 6528 6563 6602 9436 9464 9475 9502 11423 11451 11485 11512 11527 11555 
	}
}

# South Asia
south_asia = {
	name = "South Asia"
	adjective = "South Asian"
	provinces = {
		# Assam
		997 1075 1497 1525 1553 1581 7455 7634 10090 10349 10514 12366 12395
		# Odisha
		1059 1101 1538 1579 1622 4104 4237 4513 7090 7372 7428 7465 9946 10001 10060 10088 10116 10171 10255 10428 10469 11924 11978 12063 12241 12462 12490
		# Gujarat
		1061 1103 1144 1190 4064 4090 4132 4187 7020 7150 7165 7207 9975 10118 11952 12037 12092
		# Hindu Kush
		1107 4990 5105 7847 7903 7975 8044 8098 10813
		# Arunachal Pradesh
		1116 1996 10810 12322 12730
		# Delhi
		1129 1898 2002 2032 2076 2086 3989 5002 5157 7106 10021 10729 11955 12708 12868
		# Hyderabad
		1147 1971 1980 3456 4003 4110 4382 7049 7084 10108 10735
		# Calcutta
		1159 1609 1656 4062 4204 4245 4435 4644 7220 7475 7537 7565 7593 10077 12050 12338
		# Karachi
		1179 5043 5075 7917 8013 8066 12761 12774
		# Manipur
		1199 1908 2054 4149 4915 4971 4984 7905 7998 10847 10866 12041 12718 12743 12829 12844 12876 12886
		# Ceylon
		1213 4219 7260 7344 10201 10229 10287 12258
		# Andra Pradesh
		1228 1344 1430 4321 4365 4414 7297 7310 7340 10152 10296 10756 10897 12180 12779
		# Tamil
		1238 1268 1321 1381 1409 4327 4416 4420 7265 7288 7363 7402 7436 7447 8067 10130 10246 10274 10278 10808 12164 12247 12275
		# Goa
		1273
		# Hydrabad
		1275 1317 1359 4280 4472 5019 5063 5104 8087 10311 10324 10511 11950 12114 12226
		# Lucknow
		1377 1983 2005 4045 4299 4410 5040 5055 5086 5096 7064 7938 8082 8114 9951 9973 10332 10794 12137 12777 12786
		# Mumbai
		1349 1405 4072 4353 7013 7060 7119 7177 7232 10019 10210 10270 12142 12182 12269
		# Karnataka
		1412 4278 4291 4315 4344 4395 5032 7244 7250 7391 7395 7411 8011 8100 10190 10208 10259 10799 12105 12146 12208 12295 12734
		# Bihar
		1444 1541 1569 1637 4459 4516 4544 4571 7334 10358 10361 10471 10751 10878 12035 12307 12452
		# Jharkhand
		1510 4557 4883 4950 4953 7430 7497 7574 7619 8120 10030 10401 10801 10872 12375 12420 12480 12781 12799 12854
		# North Kashmir
		1910 2041 2084 10821
		# Madhya Pradesh
		1949 2036 2092 2105 4106 7080 7205 8076 10807 10816 11993 11995 12080
		# Peshawar
		1978 4558 4998 12717 12763
		# Bangladesh
		2843 4162 4616 7078 7124 7179 7662 9935 9991 9993 10035 10389 10416 10443 11911 11929 11968 12010 12423 13208
		# Nepal
		4386 4987 5310 7374 10825 10910 12892
		# India
		4967
		# Punjab
		4979 8007 8022 8106 9084 10066 10139 10173 10772 10843 10887 10898 12005 12792 12822
		# Kashmir
		5042 7273 7316 8005 10905 12754 12884
		# Bhutan
		8010 12860
		# French India
		10149
		# Andaman
		10321 12251
		# Diego Garcia
		13019
	}
}